CUSTOMER	ARRIVAL HEADWAY	ARRIVAL TIME	SERVICE TIME	DEPARTURE TIME	DELAY TIME
1	0.0	0.0	1.93	1.93	1.93
2	1.61	1.61	1.99	3.92	2.31
3	0.29	1.9	1.99	5.91	4.01
4	1.37	3.27	2.16	8.07	4.8
5	0.81	4.08	1.81	9.88	5.8
6	0.37	4.45	1.9	11.78	7.33
7	4.39	8.84	2.1	13.88	5.04
8	0.78	9.62	1.79	15.67	6.05
9	7.59	17.21	1.89	19.1	1.89
10	2.06	19.27	1.8	21.07	1.8
11	0.89	20.16	2.08	23.15	2.99
12	1.0	21.16	1.97	25.12	3.96
13	4.29	25.45	2.13	27.58	2.13
14	1.1	26.55	2.07	29.65	3.1
15	0.37	26.92	2.14	31.79	4.87
16	0.32	27.24	1.97	33.76	6.52
17	0.95	28.19	1.78	35.54	7.35
18	0.78	28.97	1.91	37.45	8.48
19	1.25	30.22	2.13	39.58	9.36
20	5.6	35.82	2.2	41.78	5.96
21	4.07	39.89	1.78	43.56	3.67
22	4.12	44.01	1.92	45.93	1.92
23	0.45	44.46	1.93	47.86	3.4
24	0.1	44.56	1.88	49.74	5.18
25	2.6	47.16	2.19	51.93	4.77
26	0.05	47.21	1.83	53.76	6.55
27	0.14	47.35	1.77	55.53	8.18
28	2.86	50.21	1.85	57.38	7.17
29	0.2	50.41	1.85	59.23	8.82
30	0.35	50.76	2.18	61.41	10.65
31	0.04	50.8	1.82	63.23	12.43
32	0.46	51.26	2.16	65.39	14.13
33	0.36	51.62	1.76	67.15	15.53
34	4.05	55.67	1.99	69.14	13.47
35	1.75	57.42	1.78	70.92	13.5
36	0.33	57.75	2.04	72.96	15.21
37	0.09	57.84	2.0	74.96	17.12
38	0.31	58.15	2.09	77.05	18.9
39	0.57	58.72	2.21	79.26	20.54
40	1.23	59.95	2.22	81.48	21.53
41	2.29	62.24	2.23	83.71	21.47
42	0.29	62.53	2.15	85.86	23.33
43	0.79	63.32	1.86	87.72	24.4
44	0.64	63.96	2.06	89.78	25.82
45	1.9	65.86	1.79	91.57	25.71
46	0.11	65.97	2.02	93.59	27.62
47	0.75	66.72	1.98	95.57	28.85
48	0.1	66.82	1.88	97.45	30.63
49	1.34	68.16	1.93	99.38	31.22
50	0.16	68.32	2.1	101.48	33.16
51	6.7	75.02	2.15	103.63	28.61
52	0.65	75.67	2.21	105.84	30.17
53	1.78	77.45	2.0	107.84	30.39
54	1.92	79.37	2.23	110.07	30.7
55	0.1	79.47	2.04	112.11	32.64
56	2.23	81.7	1.93	114.04	32.34
57	0.42	82.12	1.98	116.02	33.9
58	5.55	87.67	1.85	117.87	30.2
59	0.8	88.47	2.13	120.0	31.53
60	0.95	89.42	2.25	122.25	32.83
61	0.37	89.79	2.21	124.46	34.67
62	2.28	92.07	1.86	126.32	34.25
63	0.75	92.82	2.08	128.4	35.58
64	0.72	93.54	1.77	130.17	36.63
65	0.33	93.87	2.16	132.33	38.46
66	2.11	95.98	1.98	134.31	38.33
67	6.97	102.95	2.06	136.37	33.42
68	2.91	105.86	1.9	138.27	32.41
69	0.93	106.79	2.05	140.32	33.53
70	1.93	108.72	2.2	142.52	33.8
71	0.9	109.62	2.16	144.68	35.06
72	1.45	111.07	2.0	146.68	35.61
73	0.52	111.59	1.92	148.6	37.01
74	0.86	112.45	2.23	150.83	38.38
75	2.95	115.4	1.95	152.78	37.38
76	2.03	117.43	2.18	154.96	37.53
77	2.04	119.47	1.81	156.77	37.3
78	0.3	119.77	2.12	158.89	39.12
79	0.89	120.66	2.04	160.93	40.27
80	0.18	120.84	1.92	162.85	42.01
81	4.73	125.57	1.83	164.68	39.11
82	1.11	126.68	2.23	166.91	40.23
83	0.42	127.1	1.85	168.76	41.66
84	1.29	128.39	2.21	170.97	42.58
85	1.77	130.16	1.92	172.89	42.73
86	4.43	134.59	1.92	174.81	40.22
87	2.45	137.04	1.9	176.71	39.67
88	1.25	138.29	2.11	178.82	40.53
89	0.08	138.37	2.09	180.91	42.54
90	0.21	138.58	1.83	182.74	44.16
91	3.2	141.78	2.12	184.86	43.08
92	0.53	142.31	1.77	186.63	44.32
93	1.86	144.17	2.21	188.84	44.67
94	0.15	144.32	1.78	190.62	46.3
95	2.87	147.19	1.76	192.38	45.19
96	0.61	147.8	2.01	194.39	46.59
97	3.46	151.26	2.16	196.55	45.29
98	0.26	151.52	2.16	198.71	47.19
99	1.86	153.38	2.12	200.83	47.45
100	3.9	157.28	2.16	202.99	45.71
101	0.04	157.32	1.77	204.76	47.44
102	0.0	157.32	2.2	206.96	49.64
103	5.31	162.63	1.78	208.74	46.11
104	2.62	165.25	2.17	210.91	45.66
105	0.81	166.06	1.8	212.71	46.65
106	0.25	166.31	2.18	214.89	48.58
107	0.26	166.57	1.9	216.79	50.22
108	0.75	167.32	1.91	218.7	51.38
109	2.38	169.7	1.81	220.51	50.81
110	0.46	170.16	2.08	222.59	52.43
111	1.84	172.0	2.11	224.7	52.7
112	5.72	177.72	2.15	226.85	49.13
113	0.61	178.33	2.17	229.02	50.69
114	0.48	178.81	2.04	231.06	52.25
115	0.89	179.7	2.2	233.26	53.56
116	0.46	180.16	1.9	235.16	55.0
117	0.4	180.56	1.9	237.06	56.5
118	1.88	182.44	1.77	238.83	56.39
119	0.89	183.33	2.24	241.07	57.74
120	1.03	184.36	1.88	242.95	58.59
121	1.29	185.65	2.13	245.08	59.43
122	0.86	186.51	2.14	247.22	60.71
123	0.7	187.21	1.89	249.11	61.9
124	0.78	187.99	2.0	251.11	63.12
125	0.07	188.06	2.23	253.34	65.28
126	0.31	188.37	1.77	255.11	66.74
127	0.29	188.66	2.04	257.15	68.49
128	1.82	190.48	1.82	258.97	68.49
129	2.93	193.41	2.23	261.2	67.79
130	3.02	196.43	2.25	263.45	67.02
131	0.99	197.42	1.9	265.35	67.93
132	1.03	198.45	1.87	267.22	68.77
133	2.66	201.11	1.87	269.09	67.98
134	0.25	201.36	2.0	271.09	69.73
135	1.04	202.4	2.07	273.16	70.76
136	0.43	202.83	2.15	275.31	72.48
137	0.74	203.57	2.21	277.52	73.95
138	0.77	204.34	2.05	279.57	75.23
139	0.3	204.64	2.06	281.63	76.99
140	1.71	206.35	2.03	283.66	77.31
141	1.03	207.38	2.08	285.74	78.36
142	0.4	207.78	2.21	287.95	80.17
143	0.56	208.34	2.08	290.03	81.69
144	0.34	208.68	1.85	291.88	83.2
145	2.37	211.05	1.76	293.64	82.59
146	1.78	212.83	1.89	295.53	82.7
147	0.11	212.94	2.17	297.7	84.76
148	3.08	216.02	2.09	299.79	83.77
149	4.41	220.43	1.93	301.72	81.29
150	2.41	222.84	1.95	303.67	80.83
151	1.37	224.21	1.91	305.58	81.37
152	1.46	225.67	1.79	307.37	81.7
153	0.03	225.7	1.97	309.34	83.64
154	0.07	225.77	2.19	311.53	85.76
155	0.15	225.92	1.97	313.5	87.58
156	2.49	228.41	2.0	315.5	87.09
157	1.68	230.09	2.24	317.74	87.65
158	1.31	231.4	2.15	319.89	88.49
159	1.4	232.8	2.14	322.03	89.23
160	0.56	233.36	2.02	324.05	90.69
161	0.24	233.6	2.06	326.11	92.51
162	1.6	235.2	2.06	328.17	92.97
163	0.9	236.1	1.92	330.09	93.99
164	2.53	238.63	2.0	332.09	93.46
165	0.52	239.15	1.89	333.98	94.83
166	2.21	241.36	1.76	335.74	94.38
167	3.21	244.57	1.85	337.59	93.02
168	0.59	245.16	2.16	339.75	94.59
169	0.09	245.25	1.89	341.64	96.39
170	3.14	248.39	1.86	343.5	95.11
171	3.96	252.35	1.96	345.46	93.11
172	0.43	252.78	1.99	347.45	94.67
173	0.14	252.92	2.22	349.67	96.75
174	2.9	255.82	1.77	351.44	95.62
175	0.21	256.03	2.08	353.52	97.49
176	0.66	256.69	2.11	355.63	98.94
177	6.19	262.88	1.87	357.5	94.62
178	1.07	263.95	2.16	359.66	95.71
179	0.55	264.5	1.82	361.48	96.98
180	0.05	264.55	1.94	363.42	98.87
181	1.19	265.74	1.83	365.25	99.51
182	0.14	265.88	1.98	367.23	101.35
183	0.41	266.29	2.0	369.23	102.94
184	0.67	266.96	1.94	371.17	104.21
185	0.97	267.93	2.19	373.36	105.43
186	3.36	271.29	1.99	375.35	104.06
187	1.78	273.07	2.11	377.46	104.39
188	1.49	274.56	2.18	379.64	105.08
189	0.79	275.35	1.88	381.52	106.17
190	0.19	275.54	2.04	383.56	108.02
191	1.98	277.52	1.99	385.55	108.03
192	0.21	277.73	2.14	387.69	109.96
193	5.97	283.7	2.08	389.77	106.07
194	0.8	284.5	1.78	391.55	107.05
195	0.24	284.74	1.92	393.47	108.73
196	1.12	285.86	2.0	395.47	109.61
197	1.01	286.87	2.21	397.68	110.81
198	0.47	287.34	1.91	399.59	112.25
199	1.35	288.69	2.2	401.79	113.1
200	2.03	290.72	1.94	403.73	113.01
201	4.1	294.82	2.1	405.83	111.01
202	0.52	295.34	1.84	407.67	112.33
203	2.55	297.89	2.06	409.73	111.84
204	0.23	298.12	1.92	411.65	113.53
205	0.75	298.87	2.01	413.66	114.79
206	0.4	299.27	1.97	415.63	116.36
207	0.07	299.34	2.08	417.71	118.37
208	2.05	301.39	1.99	419.7	118.31
209	1.5	302.89	1.85	421.55	118.66
210	0.19	303.08	2.06	423.61	120.53
211	0.05	303.13	1.87	425.48	122.35
212	0.54	303.67	1.87	427.35	123.68
213	0.41	304.08	1.8	429.15	125.07
214	0.42	304.5	2.03	431.18	126.68
215	1.15	305.65	2.14	433.32	127.67
216	1.36	307.01	1.94	435.26	128.25
217	0.06	307.07	2.17	437.43	130.36
218	5.48	312.55	1.8	439.23	126.68
219	1.33	313.88	2.07	441.3	127.42
220	0.22	314.1	2.05	443.35	129.25
221	0.6	314.7	1.76	445.11	130.41
222	0.87	315.57	1.81	446.92	131.35
223	0.17	315.74	2.24	449.16	133.42
224	0.94	316.68	2.06	451.22	134.54
225	0.57	317.25	2.19	453.41	136.16
226	0.52	317.77	1.93	455.34	137.57
227	0.53	318.3	2.06	457.4	139.1
228	0.32	318.62	1.94	459.34	140.72
229	2.12	320.74	2.06	461.4	140.66
230	2.37	323.11	1.83	463.23	140.12
231	6.09	329.2	2.08	465.31	136.11
232	1.5	330.7	1.96	467.27	136.57
233	1.85	332.55	1.86	469.13	136.58
234	0.23	332.78	2.1	471.23	138.45
235	0.05	332.83	1.93	473.16	140.33
236	1.39	334.22	2.24	475.4	141.18
237	9.23	343.45	2.08	477.48	134.03
238	1.76	345.21	2.16	479.64	134.43
239	5.62	350.83	2.01	481.65	130.82
240	0.2	351.03	1.76	483.41	132.38
241	1.43	352.46	1.84	485.25	132.79
242	0.54	353.0	2.08	487.33	134.33
243	0.28	353.28	1.77	489.1	135.82
244	1.22	354.5	1.81	490.91	136.41
245	0.34	354.84	2.11	493.02	138.18
246	1.69	356.53	2.23	495.25	138.72
247	1.29	357.82	1.89	497.14	139.32
248	1.48	359.3	2.18	499.32	140.02
249	2.12	361.42	2.24	501.56	140.14
250	3.42	364.84	1.94	503.5	138.66
251	2.52	367.36	1.98	505.48	138.12
252	0.95	368.31	2.06	507.54	139.23
253	7.22	375.53	1.99	509.53	134.0
254	1.08	376.61	2.22	511.75	135.14
255	3.67	380.28	1.79	513.54	133.26
256	0.53	380.81	1.98	515.52	134.71
257	4.48	385.29	2.11	517.63	132.34
258	0.73	386.02	2.13	519.76	133.74
259	0.46	386.48	1.94	521.7	135.22
260	1.17	387.65	2.2	523.9	136.25
261	0.25	387.9	2.02	525.92	138.02
262	0.13	388.03	2.17	528.09	140.06
263	0.86	388.89	1.91	530.0	141.11
264	4.83	393.72	2.05	532.05	138.33
265	2.34	396.06	1.86	533.91	137.85
266	0.84	396.9	2.1	536.01	139.11
267	2.39	399.29	2.06	538.07	138.78
268	0.31	399.6	2.04	540.11	140.51
269	0.82	400.42	1.98	542.09	141.67
270	0.63	401.05	1.97	544.06	143.01
271	0.88	401.93	2.19	546.25	144.32
272	0.47	402.4	1.87	548.12	145.72
273	0.18	402.58	1.88	550.0	147.42
274	2.51	405.09	1.97	551.97	146.88
275	0.08	405.17	1.88	553.85	148.68
276	4.05	409.22	2.02	555.87	146.65
277	0.9	410.12	2.02	557.89	147.77
278	3.73	413.85	1.85	559.74	145.89
279	0.92	414.77	2.25	561.99	147.22
280	0.48	415.25	1.89	563.88	148.63
281	0.31	415.56	1.94	565.82	150.26
282	0.51	416.07	1.86	567.68	151.61
283	6.71	422.78	1.84	569.52	146.74
284	1.43	424.21	2.22	571.74	147.53
285	1.49	425.7	1.79	573.53	147.83
286	0.76	426.46	1.93	575.46	149.0
287	0.86	427.32	1.81	577.27	149.95
288	0.6	427.92	1.83	579.1	151.18
289	1.88	429.8	1.96	581.06	151.26
290	1.61	431.41	2.08	583.14	151.73
291	0.21	431.62	2.24	585.38	153.76
292	1.17	432.79	2.15	587.53	154.74
293	1.2	433.99	2.11	589.64	155.65
294	2.5	436.49	1.91	591.55	155.06
295	0.26	436.75	1.76	593.31	156.56
296	0.82	437.57	2.11	595.42	157.85
297	2.08	439.65	2.03	597.45	157.8
298	0.61	440.26	2.14	599.59	159.33
299	3.55	443.81	1.97	601.56	157.75
300	1.49	445.3	2.0	603.56	158.26
301	0.47	445.77	2.18	605.74	159.97
302	0.33	446.1	1.92	607.66	161.56
303	2.77	448.87	2.16	609.82	160.95
304	0.21	449.08	2.0	611.82	162.74
305	4.11	453.19	2.12	613.94	160.75
306	1.98	455.17	1.82	615.76	160.59
307	1.28	456.45	1.95	617.71	161.26
308	1.76	458.21	1.89	619.6	161.39
309	0.6	458.81	1.86	621.46	162.65
310	0.7	459.51	1.91	623.37	163.86
311	0.22	459.73	1.79	625.16	165.43
312	3.12	462.85	2.2	627.36	164.51
313	0.63	463.48	2.03	629.39	165.91
314	3.62	467.1	1.87	631.26	164.16
315	0.11	467.21	1.96	633.22	166.01
316	0.32	467.53	1.98	635.2	167.67
317	0.59	468.12	1.92	637.12	169.0
318	0.62	468.74	2.11	639.23	170.49
319	0.33	469.07	2.04	641.27	172.2
320	3.36	472.43	1.96	643.23	170.8
321	0.19	472.62	2.16	645.39	172.77
322	0.61	473.23	1.85	647.24	174.01
323	0.57	473.8	2.15	649.39	175.59
324	7.96	481.76	1.95	651.34	169.58
325	0.21	481.97	2.23	653.57	171.6
326	3.55	485.52	1.82	655.39	169.87
327	0.83	486.35	2.06	657.45	171.1
328	2.54	488.89	2.04	659.49	170.6
329	0.24	489.13	1.91	661.4	172.27
330	0.61	489.74	2.14	663.54	173.8
331	0.0	489.74	2.13	665.67	175.93
332	1.27	491.01	1.98	667.65	176.64
333	1.33	492.34	2.14	669.79	177.45
334	1.19	493.53	2.21	672.0	178.47
335	0.45	493.98	1.95	673.95	179.97
336	3.35	497.33	2.19	676.14	178.81
337	2.09	499.42	1.85	677.99	178.57
338	0.78	500.2	2.21	680.2	180.0
339	6.57	506.77	1.9	682.1	175.33
340	0.38	507.15	2.02	684.12	176.97
341	1.61	508.76	2.09	686.21	177.45
342	2.24	511.0	1.99	688.2	177.2
343	2.39	513.39	1.89	690.09	176.7
344	0.86	514.25	1.87	691.96	177.71
345	1.15	515.4	2.15	694.11	178.71
346	2.34	517.74	2.17	696.28	178.54
347	0.78	518.52	2.11	698.39	179.87
348	0.11	518.63	1.88	700.27	181.64
349	3.27	521.9	2.0	702.27	180.37
350	1.24	523.14	2.18	704.45	181.31
351	2.01	525.15	2.18	706.63	181.48
352	2.67	527.82	2.02	708.65	180.83
353	0.57	528.39	2.19	710.84	182.45
354	2.8	531.19	2.17	713.01	181.82
355	1.49	532.68	2.17	715.18	182.5
356	3.26	535.94	2.03	717.21	181.27
357	1.74	537.68	2.02	719.23	181.55
358	0.98	538.66	1.78	721.01	182.35
359	3.13	541.79	1.85	722.86	181.07
360	0.4	542.19	1.94	724.8	182.61
361	1.33	543.52	1.84	726.64	183.12
362	1.1	544.62	2.21	728.85	184.23
363	2.39	547.01	1.98	730.83	183.82
364	11.04	558.05	1.87	732.7	174.65
365	3.21	561.26	2.16	734.86	173.6
366	2.77	564.03	1.86	736.72	172.69
367	0.03	564.06	1.82	738.54	174.48
368	0.15	564.21	1.98	740.52	176.31
369	0.02	564.23	1.86	742.38	178.15
370	0.9	565.13	2.13	744.51	179.38
371	0.58	565.71	1.97	746.48	180.77
372	4.3	570.01	2.04	748.52	178.51
373	0.73	570.74	2.08	750.6	179.86
374	0.05	570.79	1.87	752.47	181.68
375	1.42	572.21	1.76	754.23	182.02
376	1.46	573.67	1.9	756.13	182.46
377	0.44	574.11	2.2	758.33	184.22
378	2.23	576.34	2.1	760.43	184.09
379	2.04	578.38	2.05	762.48	184.1
380	1.47	579.85	1.86	764.34	184.49
381	0.78	580.63	2.15	766.49	185.86
382	0.77	581.4	1.81	768.3	186.9
383	1.62	583.02	2.17	770.47	187.45
384	0.42	583.44	2.05	772.52	189.08
385	0.75	584.19	2.21	774.73	190.54
386	0.32	584.51	1.78	776.51	192.0
387	0.36	584.87	1.99	778.5	193.63
388	0.9	585.77	2.13	780.63	194.86
389	1.25	587.02	2.04	782.67	195.65
390	1.59	588.61	1.99	784.66	196.05
391	1.32	589.93	2.0	786.66	196.73
392	0.93	590.86	2.02	788.68	197.82
393	0.91	591.77	1.79	790.47	198.7
394	4.13	595.9	1.9	792.37	196.47
395	1.17	597.07	1.9	794.27	197.2
396	0.52	597.59	2.23	796.5	198.91
397	0.72	598.31	1.92	798.42	200.11
398	0.25	598.56	2.09	800.51	201.95
399	1.47	600.03	1.8	802.31	202.28
400	1.87	601.9	1.77	804.08	202.18
401	0.3	602.2	1.95	806.03	203.83
402	0.26	602.46	1.99	808.02	205.56
403	1.21	603.67	2.04	810.06	206.39
404	0.16	603.83	1.81	811.87	208.04
405	0.17	604.0	1.92	813.79	209.79
406	2.19	606.19	2.1	815.89	209.7
407	2.37	608.56	2.17	818.06	209.5
408	1.44	610.0	2.16	820.22	210.22
409	4.4	614.4	2.22	822.44	208.04
410	3.77	618.17	2.24	824.68	206.51
411	1.45	619.62	2.18	826.86	207.24
412	1.07	620.69	2.07	828.93	208.24
413	1.43	622.12	1.77	830.7	208.58
414	1.58	623.7	1.85	832.55	208.85
415	0.35	624.05	2.07	834.62	210.57
416	0.07	624.12	2.2	836.82	212.7
417	0.44	624.56	1.85	838.67	214.11
418	3.92	628.48	1.77	840.44	211.96
419	3.26	631.74	2.06	842.5	210.76
420	0.38	632.12	2.19	844.69	212.57
421	0.99	633.11	1.87	846.56	213.45
422	0.11	633.22	2.08	848.64	215.42
423	0.51	633.73	1.91	850.55	216.82
424	0.11	633.84	1.9	852.45	218.61
425	0.39	634.23	1.84	854.29	220.06
426	1.26	635.49	2.25	856.54	221.05
427	1.17	636.66	2.0	858.54	221.88
428	2.27	638.93	1.91	860.45	221.52
429	1.5	640.43	2.16	862.61	222.18
430	0.57	641.0	1.9	864.51	223.51
431	0.16	641.16	2.01	866.52	225.36
432	0.21	641.37	1.88	868.4	227.03
433	1.76	643.13	1.77	870.17	227.04
434	0.34	643.47	2.08	872.25	228.78
435	3.79	647.26	1.81	874.06	226.8
436	0.21	647.47	2.11	876.17	228.7
437	0.18	647.65	1.94	878.11	230.46
438	0.5	648.15	2.18	880.29	232.14
439	1.65	649.8	1.96	882.25	232.45
440	1.3	651.1	2.19	884.44	233.34
441	4.34	655.44	2.19	886.63	231.19
442	0.98	656.42	1.89	888.52	232.1
443	1.1	657.52	2.14	890.66	233.14
444	1.98	659.5	1.81	892.47	232.97
445	2.13	661.63	2.1	894.57	232.94
446	1.66	663.29	1.99	896.56	233.27
447	0.03	663.32	2.02	898.58	235.26
448	1.34	664.66	1.99	900.57	235.91
449	0.58	665.24	1.91	902.48	237.24
450	5.37	670.61	1.82	904.3	233.69
451	3.08	673.69	1.79	906.09	232.4
452	0.76	674.45	2.24	908.33	233.88
453	4.91	679.36	1.93	910.26	230.9
454	0.67	680.03	2.01	912.27	232.24
455	1.17	681.2	2.04	914.31	233.11
456	2.19	683.39	2.02	916.33	232.94
457	2.06	685.45	2.23	918.56	233.11
458	0.39	685.84	1.79	920.35	234.51
459	3.63	689.47	1.96	922.31	232.84
460	0.51	689.98	2.0	924.31	234.33
461	0.39	690.37	2.08	926.39	236.02
462	0.16	690.53	1.85	928.24	237.71
463	2.23	692.76	1.77	930.01	237.25
464	2.08	694.84	2.1	932.11	237.27
465	0.63	695.47	2.14	934.25	238.78
466	0.48	695.95	1.81	936.06	240.11
467	3.52	699.47	1.94	938.0	238.53
468	0.69	700.16	2.1	940.1	239.94
469	0.16	700.32	2.05	942.15	241.83
470	2.85	703.17	1.77	943.92	240.75
471	4.27	707.44	2.16	946.08	238.64
472	0.13	707.57	2.11	948.19	240.62
473	0.6	708.17	1.9	950.09	241.92
474	1.29	709.46	2.08	952.17	242.71
475	0.55	710.01	2.14	954.31	244.3
476	0.37	710.38	2.13	956.44	246.06
477	1.0	711.38	2.15	958.59	247.21
478	0.4	711.78	1.8	960.39	248.61
479	1.28	713.06	1.78	962.17	249.11
480	1.56	714.62	2.08	964.25	249.63
481	0.9	715.52	2.16	966.41	250.89
482	0.15	715.67	1.96	968.37	252.7
483	1.6	717.27	1.81	970.18	252.91
484	0.3	717.57	1.75	971.93	254.36
485	0.41	717.98	2.0	973.93	255.95
486	0.53	718.51	2.15	976.08	257.57
487	0.68	719.19	2.07	978.15	258.96
488	0.42	719.61	2.07	980.22	260.61
489	0.01	719.62	2.09	982.31	262.69
490	0.2	719.82	1.9	984.21	264.39
491	1.29	721.11	2.16	986.37	265.26
492	0.36	721.47	1.88	988.25	266.78
493	1.37	722.84	2.2	990.45	267.61
494	0.44	723.28	2.2	992.65	269.37
495	3.25	726.53	2.1	994.75	268.22
496	1.17	727.7	1.86	996.61	268.91
497	0.74	728.44	2.2	998.81	270.37
498	0.22	728.66	1.87	1000.68	272.02
499	0.12	728.78	2.07	1002.75	273.97
500	0.78	729.56	2.17	1004.92	275.36
501	1.45	731.01	2.06	1006.98	275.97
502	3.94	734.95	1.79	1008.77	273.82
503	0.01	734.96	1.84	1010.61	275.65
504	1.01	735.97	2.05	1012.66	276.69
505	0.35	736.32	1.78	1014.44	278.12
506	0.65	736.97	2.17	1016.61	279.64
507	0.25	737.22	1.94	1018.55	281.33
508	3.58	740.8	1.77	1020.32	279.52
509	1.16	741.96	1.97	1022.29	280.33
510	0.96	742.92	2.02	1024.31	281.39
511	0.29	743.21	2.2	1026.51	283.3
512	1.27	744.48	1.9	1028.41	283.93
513	2.35	746.83	2.23	1030.64	283.81
514	1.71	748.54	1.87	1032.51	283.97
515	0.76	749.3	2.04	1034.55	285.25
516	0.46	749.76	2.13	1036.68	286.92
517	2.92	752.68	2.0	1038.68	286.0
518	0.08	752.76	2.0	1040.68	287.92
519	1.48	754.24	2.18	1042.86	288.62
520	2.3	756.54	2.1	1044.96	288.42
521	1.2	757.74	1.88	1046.84	289.1
522	7.07	764.81	2.2	1049.04	284.23
523	0.85	765.66	2.24	1051.28	285.62
524	1.46	767.12	1.76	1053.04	285.92
525	2.07	769.19	1.75	1054.79	285.6
526	0.87	770.06	2.08	1056.87	286.81
527	0.08	770.14	1.93	1058.8	288.66
528	8.0	778.14	1.77	1060.57	282.43
529	1.81	779.95	1.79	1062.36	282.41
530	1.08	781.03	2.15	1064.51	283.48
531	0.56	781.59	2.1	1066.61	285.02
532	1.22	782.81	2.11	1068.72	285.91
533	0.57	783.38	1.95	1070.67	287.29
534	0.66	784.04	2.21	1072.88	288.84
535	2.86	786.9	1.8	1074.68	287.78
536	0.84	787.74	2.12	1076.8	289.06
537	0.67	788.41	1.94	1078.74	290.33
538	0.38	788.79	2.01	1080.75	291.96
539	6.01	794.8	2.16	1082.91	288.11
540	1.47	796.27	2.15	1085.06	288.79
541	2.73	799.0	1.83	1086.89	287.89
542	1.96	800.96	1.8	1088.69	287.73
543	0.59	801.55	1.88	1090.57	289.02
544	0.78	802.33	1.81	1092.38	290.05
545	4.22	806.55	1.82	1094.2	287.65
546	1.25	807.8	2.19	1096.39	288.59
547	0.66	808.46	1.93	1098.32	289.86
548	4.64	813.1	2.04	1100.36	287.26
549	0.39	813.49	1.94	1102.3	288.81
550	2.23	815.72	1.82	1104.12	288.4
551	1.66	817.38	2.12	1106.24	288.86
552	3.37	820.75	2.16	1108.4	287.65
553	0.64	821.39	2.08	1110.48	289.09
554	0.93	822.32	1.78	1112.26	289.94
555	1.1	823.42	1.82	1114.08	290.66
556	2.6	826.02	1.86	1115.94	289.92
557	0.94	826.96	2.01	1117.95	290.99
558	3.63	830.59	1.8	1119.75	289.16
559	2.53	833.12	2.17	1121.92	288.8
560	1.63	834.75	2.25	1124.17	289.42
561	0.74	835.49	2.17	1126.34	290.85
562	1.47	836.96	2.0	1128.34	291.38
563	1.31	838.27	1.98	1130.32	292.05
564	0.74	839.01	1.76	1132.08	293.07
565	1.38	840.39	1.99	1134.07	293.68
566	4.13	844.52	1.97	1136.04	291.52
567	1.75	846.27	2.19	1138.23	291.96
568	0.67	846.94	2.22	1140.45	293.51
569	1.12	848.06	1.92	1142.37	294.31
570	3.23	851.29	2.02	1144.39	293.1
571	1.73	853.02	2.08	1146.47	293.45
572	0.13	853.15	2.12	1148.59	295.44
573	0.35	853.5	1.93	1150.52	297.02
574	2.4	855.9	2.23	1152.75	296.85
575	0.6	856.5	2.02	1154.77	298.27
576	2.53	859.03	2.13	1156.9	297.87
577	0.89	859.92	1.99	1158.89	298.97
578	1.47	861.39	1.78	1160.67	299.28
579	1.18	862.57	1.86	1162.53	299.96
580	1.51	864.08	2.24	1164.77	300.69
581	0.23	864.31	1.86	1166.63	302.32
582	1.43	865.74	1.8	1168.43	302.69
583	2.36	868.1	2.18	1170.61	302.51
584	0.07	868.17	1.77	1172.38	304.21
585	0.32	868.49	2.12	1174.5	306.01
586	1.18	869.67	2.21	1176.71	307.04
587	1.31	870.98	2.09	1178.8	307.82
588	1.03	872.01	2.07	1180.87	308.86
589	0.41	872.42	2.1	1182.97	310.55
590	0.45	872.87	2.12	1185.09	312.22
591	1.79	874.66	2.1	1187.19	312.53
592	4.04	878.7	1.92	1189.11	310.41
593	1.85	880.55	2.04	1191.15	310.6
594	8.44	888.99	2.03	1193.18	304.19
595	0.38	889.37	1.91	1195.09	305.72
596	0.49	889.86	2.16	1197.25	307.39
597	1.01	890.87	1.8	1199.05	308.18
598	4.04	894.91	1.89	1200.94	306.03
599	1.31	896.22	2.22	1203.16	306.94
600	0.01	896.23	1.81	1204.97	308.74
601	0.18	896.41	1.85	1206.82	310.41
602	1.36	897.77	1.92	1208.74	310.97
603	1.02	898.79	2.23	1210.97	312.18
604	4.3	903.09	1.9	1212.87	309.78
605	3.85	906.94	1.81	1214.68	307.74
606	0.5	907.44	1.77	1216.45	309.01
607	2.53	909.97	2.12	1218.57	308.6
608	1.72	911.69	2.18	1220.75	309.06
609	0.26	911.95	1.96	1222.71	310.76
610	5.6	917.55	1.87	1224.58	307.03
611	0.34	917.89	1.87	1226.45	308.56
612	1.1	918.99	2.08	1228.53	309.54
613	0.54	919.53	2.11	1230.64	311.11
614	0.47	920.0	2.08	1232.72	312.72
615	1.58	921.58	1.84	1234.56	312.98
616	0.39	921.97	1.93	1236.49	314.52
617	1.04	923.01	1.99	1238.48	315.47
618	0.94	923.95	1.77	1240.25	316.3
619	1.51	925.46	1.9	1242.15	316.69
620	3.62	929.08	2.04	1244.19	315.11
621	1.07	930.15	1.78	1245.97	315.82
622	3.39	933.54	1.87	1247.84	314.3
623	2.12	935.66	2.11	1249.95	314.29
624	0.84	936.5	2.21	1252.16	315.66
625	0.28	936.78	1.89	1254.05	317.27
626	1.93	938.71	1.81	1255.86	317.15
627	0.77	939.48	2.07	1257.93	318.45
628	0.37	939.85	1.86	1259.79	319.94
629	1.02	940.87	1.78	1261.57	320.7
630	0.33	941.2	1.81	1263.38	322.18
631	1.88	943.08	1.92	1265.3	322.22
632	1.41	944.49	2.03	1267.33	322.84
633	0.21	944.7	2.08	1269.41	324.71
634	0.68	945.38	1.83	1271.24	325.86
635	6.22	951.6	1.84	1273.08	321.48
636	0.2	951.8	2.1	1275.18	323.38
637	3.64	955.44	1.85	1277.03	321.59
638	0.38	955.82	2.18	1279.21	323.39
639	1.64	957.46	1.81	1281.02	323.56
640	2.67	960.13	2.24	1283.26	323.13
641	0.17	960.3	1.78	1285.04	324.74
642	1.23	961.53	1.97	1287.01	325.48
643	3.26	964.79	1.83	1288.84	324.05
644	0.4	965.19	1.77	1290.61	325.42
645	3.41	968.6	1.92	1292.53	323.93
646	0.02	968.62	2.17	1294.7	326.08
647	1.4	970.02	1.78	1296.48	326.46
648	2.6	972.62	1.96	1298.44	325.82
649	0.44	973.06	2.16	1300.6	327.54
650	0.86	973.92	1.92	1302.52	328.6
651	0.0	973.92	2.11	1304.63	330.71
652	1.34	975.26	2.15	1306.78	331.52
653	0.45	975.71	2.12	1308.9	333.19
654	2.55	978.26	1.92	1310.82	332.56
655	0.68	978.94	2.17	1312.99	334.05
656	9.28	988.22	1.76	1314.75	326.53
657	0.03	988.25	2.05	1316.8	328.55
658	2.03	990.28	1.91	1318.71	328.43
659	0.91	991.19	1.77	1320.48	329.29
660	0.37	991.56	1.86	1322.34	330.78
661	0.58	992.14	2.05	1324.39	332.25
662	3.08	995.22	1.87	1326.26	331.04
663	0.2	995.42	2.15	1328.41	332.99
664	0.94	996.36	1.85	1330.26	333.9
665	0.29	996.65	2.15	1332.41	335.76
666	2.42	999.07	2.2	1334.61	335.54
667	0.72	999.79	1.95	1336.56	336.77
668	1.32	1001.11	2.16	1338.72	337.61
