CUSTOMER	ARRIVAL HEADWAY	ARRIVAL TIME	SERVICE TIME	DEPARTURE TIME	DELAY TIME
1	0.0	0.0	2.09	2.09	2.09
2	0.79	0.79	1.86	3.95	3.16
3	1.54	2.33	1.92	5.87	3.54
4	1.9	4.23	2.05	7.92	3.69
5	1.56	5.79	2.25	10.17	4.38
6	0.4	6.19	1.87	12.04	5.85
7	0.19	6.38	1.78	13.82	7.44
8	0.34	6.72	1.9	15.72	9.0
9	0.86	7.58	1.9	17.62	10.04
10	0.61	8.19	2.01	19.63	11.44
11	0.38	8.57	1.92	21.55	12.98
12	0.75	9.32	1.94	23.49	14.17
13	0.29	9.61	1.76	25.25	15.64
14	6.49	16.1	2.15	27.4	11.3
15	3.51	19.61	2.0	29.4	9.79
16	0.48	20.09	1.9	31.3	11.21
17	2.96	23.05	1.91	33.21	10.16
18	1.79	24.84	2.14	35.35	10.51
19	0.4	25.24	2.16	37.51	12.27
20	8.58	33.82	1.78	39.29	5.47
21	2.19	36.01	1.88	41.17	5.16
22	0.69	36.7	2.1	43.27	6.57
23	3.38	40.08	1.89	45.16	5.08
24	0.81	40.89	1.78	46.94	6.05
25	1.79	42.68	1.97	48.91	6.23
26	0.21	42.89	2.16	51.07	8.18
27	0.58	43.47	1.88	52.95	9.48
28	0.86	44.33	2.14	55.09	10.76
29	0.75	45.08	1.95	57.04	11.96
30	0.93	46.01	1.97	59.01	13.0
31	3.87	49.88	1.95	60.96	11.08
32	0.64	50.52	2.09	63.05	12.53
33	0.12	50.64	1.95	65.0	14.36
34	4.1	54.74	1.97	66.97	12.23
35	0.4	55.14	2.12	69.09	13.95
36	0.9	56.04	1.97	71.06	15.02
37	0.51	56.55	2.06	73.12	16.57
38	0.13	56.68	1.86	74.98	18.3
39	3.01	59.69	2.14	77.12	17.43
40	0.52	60.21	1.76	78.88	18.67
41	0.76	60.97	2.09	80.97	20.0
42	3.64	64.61	1.97	82.94	18.33
43	2.1	66.71	1.83	84.77	18.06
44	2.39	69.1	2.05	86.82	17.72
45	0.93	70.03	1.77	88.59	18.56
46	2.94	72.97	2.02	90.61	17.64
47	0.29	73.26	2.23	92.84	19.58
48	1.76	75.02	1.84	94.68	19.66
49	0.23	75.25	1.95	96.63	21.38
50	0.26	75.51	1.77	98.4	22.89
51	0.36	75.87	2.06	100.46	24.59
52	0.0	75.87	2.01	102.47	26.6
53	2.12	77.99	1.99	104.46	26.47
54	3.36	81.35	1.79	106.25	24.9
55	0.74	82.09	2.04	108.29	26.2
56	2.11	84.2	1.96	110.25	26.05
57	0.51	84.71	1.77	112.02	27.31
58	1.34	86.05	1.84	113.86	27.81
59	5.26	91.31	1.9	115.76	24.45
60	0.7	92.01	2.08	117.84	25.83
61	0.06	92.07	2.13	119.97	27.9
62	2.81	94.88	1.98	121.95	27.07
63	0.41	95.29	2.12	124.07	28.78
64	1.51	96.8	2.16	126.23	29.43
65	0.16	96.96	1.76	127.99	31.03
66	0.68	97.64	2.17	130.16	32.52
67	0.59	98.23	1.93	132.09	33.86
68	4.57	102.8	2.15	134.24	31.44
69	0.55	103.35	1.92	136.16	32.81
70	1.33	104.68	2.08	138.24	33.56
71	6.61	111.29	1.9	140.14	28.85
72	1.84	113.13	2.24	142.38	29.25
73	0.63	113.76	2.24	144.62	30.86
74	0.15	113.91	2.07	146.69	32.78
75	2.73	116.64	1.97	148.66	32.02
76	0.14	116.78	2.08	150.74	33.96
77	4.32	121.1	1.99	152.73	31.63
78	0.5	121.6	1.84	154.57	32.97
79	2.96	124.56	2.22	156.79	32.23
80	2.51	127.07	1.83	158.62	31.55
81	4.33	131.4	1.99	160.61	29.21
82	1.34	132.74	2.19	162.8	30.06
83	0.88	133.62	2.03	164.83	31.21
84	0.52	134.14	1.94	166.77	32.63
85	4.05	138.19	2.19	168.96	30.77
86	2.9	141.09	2.03	170.99	29.9
87	6.05	147.14	2.09	173.08	25.94
88	1.7	148.84	2.07	175.15	26.31
89	2.5	151.34	1.98	177.13	25.79
90	0.17	151.51	2.21	179.34	27.83
91	1.29	152.8	2.23	181.57	28.77
92	0.19	152.99	1.79	183.36	30.37
93	1.44	154.43	2.14	185.5	31.07
94	1.41	155.84	1.75	187.25	31.41
95	0.36	156.2	2.18	189.43	33.23
96	2.27	158.47	2.19	191.62	33.15
97	0.88	159.35	1.87	193.49	34.14
98	2.7	162.05	1.84	195.33	33.28
99	3.29	165.34	1.75	197.08	31.74
100	3.12	168.46	2.12	199.2	30.74
101	3.5	171.96	1.85	201.05	29.09
102	4.85	176.81	1.86	202.91	26.1
103	0.02	176.83	1.9	204.81	27.98
104	2.06	178.89	1.85	206.66	27.77
105	2.88	181.77	2.09	208.75	26.98
106	0.44	182.21	1.88	210.63	28.42
107	1.9	184.11	2.09	212.72	28.61
108	4.51	188.62	1.83	214.55	25.93
109	0.08	188.7	1.91	216.46	27.76
110	5.0	193.7	2.02	218.48	24.78
111	2.66	196.36	1.94	220.42	24.06
112	0.33	196.69	2.19	222.61	25.92
113	7.53	204.22	2.2	224.81	20.59
114	1.66	205.88	1.95	226.76	20.88
115	4.07	209.95	1.79	228.55	18.6
116	3.27	213.22	1.85	230.4	17.18
117	0.61	213.83	1.79	232.19	18.36
118	0.86	214.69	1.95	234.14	19.45
119	1.72	216.41	1.83	235.97	19.56
120	0.01	216.42	2.24	238.21	21.79
121	4.68	221.1	1.91	240.12	19.02
122	1.51	222.61	2.03	242.15	19.54
123	0.51	223.12	2.18	244.33	21.21
124	0.11	223.23	2.24	246.57	23.34
125	0.79	224.02	1.79	248.36	24.34
126	1.11	225.13	2.16	250.52	25.39
127	0.29	225.42	1.79	252.31	26.89
128	3.68	229.1	2.06	254.37	25.27
129	0.93	230.03	2.13	256.5	26.47
130	0.78	230.81	1.96	258.46	27.65
131	1.14	231.95	1.82	260.28	28.33
132	1.61	233.56	1.96	262.24	28.68
133	2.7	236.26	1.78	264.02	27.76
134	3.3	239.56	1.89	265.91	26.35
135	0.23	239.79	1.88	267.79	28.0
136	1.82	241.61	2.1	269.89	28.28
137	1.29	242.9	2.09	271.98	29.08
138	0.03	242.93	2.15	274.13	31.2
139	0.83	243.76	2.18	276.31	32.55
140	0.38	244.14	1.9	278.21	34.07
141	0.87	245.01	2.03	280.24	35.23
142	3.14	248.15	2.2	282.44	34.29
143	4.61	252.76	1.79	284.23	31.47
144	0.64	253.4	2.11	286.34	32.94
145	1.09	254.49	1.99	288.33	33.84
146	1.85	256.34	2.18	290.51	34.17
147	1.78	258.12	1.99	292.5	34.38
148	2.65	260.77	1.86	294.36	33.59
149	0.59	261.36	2.02	296.38	35.02
150	0.18	261.54	2.03	298.41	36.87
151	1.79	263.33	1.84	300.25	36.92
152	6.73	270.06	2.19	302.44	32.38
153	1.44	271.5	2.21	304.65	33.15
154	1.08	272.58	2.11	306.76	34.18
155	1.47	274.05	2.17	308.93	34.88
156	1.07	275.12	1.95	310.88	35.76
157	0.03	275.15	1.87	312.75	37.6
158	0.8	275.95	2.04	314.79	38.84
159	0.67	276.62	2.19	316.98	40.36
160	1.14	277.76	1.84	318.82	41.06
161	2.48	280.24	1.87	320.69	40.45
162	5.05	285.29	1.96	322.65	37.36
163	0.48	285.77	2.22	324.87	39.1
164	5.29	291.06	2.16	327.03	35.97
165	0.69	291.75	2.0	329.03	37.28
166	2.01	293.76	1.96	330.99	37.23
167	6.75	300.51	1.76	332.75	32.24
168	1.64	302.15	2.09	334.84	32.69
169	3.92	306.07	2.1	336.94	30.87
170	0.02	306.09	2.16	339.1	33.01
171	6.18	312.27	1.91	341.01	28.74
172	0.34	312.61	2.03	343.04	30.43
173	2.21	314.82	2.21	345.25	30.43
174	5.2	320.02	1.87	347.12	27.1
175	2.22	322.24	1.86	348.98	26.74
176	4.37	326.61	1.94	350.92	24.31
177	0.49	327.1	1.83	352.75	25.65
178	0.78	327.88	2.05	354.8	26.92
179	0.1	327.98	1.99	356.79	28.81
180	2.83	330.81	2.25	359.04	28.23
181	5.24	336.05	1.96	361.0	24.95
182	5.06	341.11	1.92	362.92	21.81
183	0.81	341.92	2.07	364.99	23.07
184	0.12	342.04	2.13	367.12	25.08
185	0.72	342.76	2.2	369.32	26.56
186	0.87	343.63	1.82	371.14	27.51
187	1.23	344.86	1.94	373.08	28.22
188	0.61	345.47	1.92	375.0	29.53
189	7.48	352.95	2.24	377.24	24.29
190	1.49	354.44	1.95	379.19	24.75
191	0.05	354.49	2.2	381.39	26.9
192	0.86	355.35	1.97	383.36	28.01
193	1.61	356.96	1.98	385.34	28.38
194	0.78	357.74	2.05	387.39	29.65
195	0.55	358.29	2.09	389.48	31.19
196	0.63	358.92	1.96	391.44	32.52
197	1.26	360.18	2.25	393.69	33.51
198	6.74	366.92	2.09	395.78	28.86
199	0.87	367.79	2.12	397.9	30.11
200	3.54	371.33	1.93	399.83	28.5
201	0.08	371.41	1.79	401.62	30.21
202	0.4	371.81	1.75	403.37	31.56
203	0.01	371.82	2.11	405.48	33.66
204	0.44	372.26	1.92	407.4	35.14
205	5.07	377.33	1.97	409.37	32.04
206	0.16	377.49	1.82	411.19	33.7
207	2.85	380.34	1.86	413.05	32.71
208	1.86	382.2	2.2	415.25	33.05
209	1.03	383.23	2.23	417.48	34.25
210	4.55	387.78	2.18	419.66	31.88
211	4.95	392.73	1.94	421.6	28.87
212	0.94	393.67	2.09	423.69	30.02
213	4.12	397.79	2.17	425.86	28.07
214	1.38	399.17	1.97	427.83	28.66
215	1.96	401.13	2.07	429.9	28.77
216	3.11	404.24	2.23	432.13	27.89
217	4.9	409.14	1.96	434.09	24.95
218	2.97	412.11	2.1	436.19	24.08
219	1.69	413.8	2.06	438.25	24.45
220	4.36	418.16	2.19	440.44	22.28
221	1.03	419.19	1.99	442.43	23.24
222	1.66	420.85	1.96	444.39	23.54
223	3.25	424.1	2.06	446.45	22.35
224	0.43	424.53	1.88	448.33	23.8
225	2.45	426.98	1.84	450.17	23.19
226	1.3	428.28	2.21	452.38	24.1
227	0.51	428.79	2.03	454.41	25.62
228	2.7	431.49	2.0	456.41	24.92
229	0.63	432.12	2.2	458.61	26.49
230	1.63	433.75	1.93	460.54	26.79
231	0.1	433.85	1.95	462.49	28.64
232	2.95	436.8	1.76	464.25	27.45
233	1.49	438.29	1.77	466.02	27.73
234	0.54	438.83	1.95	467.97	29.14
235	0.01	438.84	2.22	470.19	31.35
236	1.91	440.75	2.07	472.26	31.51
237	0.54	441.29	1.83	474.09	32.8
238	1.97	443.26	2.05	476.14	32.88
239	0.55	443.81	1.8	477.94	34.13
240	4.01	447.82	2.02	479.96	32.14
241	2.51	450.33	1.85	481.81	31.48
242	3.06	453.39	1.97	483.78	30.39
243	2.15	455.54	2.06	485.84	30.3
244	5.83	461.37	1.93	487.77	26.4
245	0.68	462.05	2.04	489.81	27.76
246	3.98	466.03	1.96	491.77	25.74
247	6.88	472.91	2.25	494.02	21.11
248	0.9	473.81	1.85	495.87	22.06
249	2.17	475.98	2.07	497.94	21.96
250	0.23	476.21	2.06	500.0	23.79
251	0.03	476.24	2.13	502.13	25.89
252	0.25	476.49	1.86	503.99	27.5
253	2.01	478.5	1.87	505.86	27.36
254	0.82	479.32	1.81	507.67	28.35
255	0.93	480.25	1.87	509.54	29.29
256	0.26	480.51	1.94	511.48	30.97
257	1.87	482.38	1.98	513.46	31.08
258	5.89	488.27	2.19	515.65	27.38
259	1.84	490.11	2.22	517.87	27.76
260	3.07	493.18	1.77	519.64	26.46
261	0.0	493.18	2.16	521.8	28.62
262	0.15	493.33	2.18	523.98	30.65
263	1.09	494.42	1.83	525.81	31.39
264	1.97	496.39	1.81	527.62	31.23
265	7.49	503.88	1.85	529.47	25.59
266	2.79	506.67	1.76	531.23	24.56
267	3.54	510.21	1.79	533.02	22.81
268	2.64	512.85	2.01	535.03	22.18
269	3.88	516.73	2.05	537.08	20.35
270	0.34	517.07	2.07	539.15	22.08
271	1.84	518.91	1.77	540.92	22.01
272	1.71	520.62	1.77	542.69	22.07
273	0.07	520.69	1.82	544.51	23.82
274	3.6	524.29	1.93	546.44	22.15
275	0.11	524.4	2.12	548.56	24.16
276	0.72	525.12	2.21	550.77	25.65
277	0.35	525.47	2.02	552.79	27.32
278	0.12	525.59	1.85	554.64	29.05
279	2.45	528.04	2.16	556.8	28.76
280	2.12	530.16	1.82	558.62	28.46
281	2.78	532.94	2.01	560.63	27.69
282	3.67	536.61	2.24	562.87	26.26
283	0.1	536.71	2.15	565.02	28.31
284	3.43	540.14	1.85	566.87	26.73
285	1.17	541.31	1.77	568.64	27.33
286	0.64	541.95	1.76	570.4	28.45
287	0.97	542.92	1.75	572.15	29.23
288	0.85	543.77	1.77	573.92	30.15
289	2.97	546.74	2.16	576.08	29.34
290	0.33	547.07	1.75	577.83	30.76
291	0.49	547.56	1.97	579.8	32.24
292	1.32	548.88	1.78	581.58	32.7
293	0.51	549.39	2.17	583.75	34.36
294	0.47	549.86	2.25	586.0	36.14
295	0.62	550.48	2.23	588.23	37.75
296	0.16	550.64	1.8	590.03	39.39
297	0.45	551.09	2.15	592.18	41.09
298	1.22	552.31	2.06	594.24	41.93
299	3.04	555.35	2.24	596.48	41.13
300	1.5	556.85	1.76	598.24	41.39
301	0.81	557.66	1.81	600.05	42.39
302	0.5	558.16	1.93	601.98	43.82
303	1.27	559.43	2.02	604.0	44.57
304	2.99	562.42	1.9	605.9	43.48
305	2.99	565.41	2.24	608.14	42.73
306	0.86	566.27	1.86	610.0	43.73
307	2.28	568.55	1.92	611.92	43.37
308	2.7	571.25	1.99	613.91	42.66
309	2.15	573.4	1.96	615.87	42.47
310	9.11	582.51	1.91	617.78	35.27
311	0.92	583.43	2.17	619.95	36.52
312	1.77	585.2	1.94	621.89	36.69
313	0.71	585.91	1.84	623.73	37.82
314	2.77	588.68	1.93	625.66	36.98
315	5.96	594.64	2.1	627.76	33.12
316	2.18	596.82	1.76	629.52	32.7
317	0.65	597.47	1.81	631.33	33.86
318	2.54	600.01	1.81	633.14	33.13
319	0.52	600.53	2.13	635.27	34.74
320	0.13	600.66	1.98	637.25	36.59
321	1.28	601.94	1.77	639.02	37.08
322	0.65	602.59	2.14	641.16	38.57
323	1.64	604.23	2.04	643.2	38.97
324	2.64	606.87	2.21	645.41	38.54
325	0.81	607.68	2.1	647.51	39.83
326	0.5	608.18	2.22	649.73	41.55
327	0.44	608.62	1.96	651.69	43.07
328	0.28	608.9	1.81	653.5	44.6
329	4.9	613.8	2.22	655.72	41.92
330	2.21	616.01	1.92	657.64	41.63
331	2.58	618.59	1.97	659.61	41.02
332	13.79	632.38	1.76	661.37	28.99
333	2.08	634.46	2.25	663.62	29.16
334	1.17	635.63	1.84	665.46	29.83
335	3.55	639.18	2.22	667.68	28.5
336	3.01	642.19	2.03	669.71	27.52
337	1.03	643.22	1.76	671.47	28.25
338	0.79	644.01	2.12	673.59	29.58
339	0.97	644.98	2.01	675.6	30.62
340	1.42	646.4	2.14	677.74	31.34
341	0.73	647.13	2.24	679.98	32.85
342	2.35	649.48	2.01	681.99	32.51
343	1.07	650.55	2.18	684.17	33.62
344	6.67	657.22	2.23	686.4	29.18
345	2.99	660.21	1.96	688.36	28.15
346	5.94	666.15	2.04	690.4	24.25
347	0.04	666.19	1.96	692.36	26.17
348	1.57	667.76	1.88	694.24	26.48
349	5.59	673.35	2.2	696.44	23.09
350	2.15	675.5	2.12	698.56	23.06
351	2.07	677.57	2.21	700.77	23.2
352	0.9	678.47	1.91	702.68	24.21
353	0.03	678.5	1.75	704.43	25.93
354	3.08	681.58	1.88	706.31	24.73
355	4.37	685.95	2.08	708.39	22.44
356	0.54	686.49	2.06	710.45	23.96
357	2.7	689.19	1.98	712.43	23.24
358	8.62	697.81	2.17	714.6	16.79
359	4.67	702.48	1.85	716.45	13.97
360	0.12	702.6	1.99	718.44	15.84
361	1.59	704.19	2.04	720.48	16.29
362	0.3	704.49	1.79	722.27	17.78
363	5.02	709.51	1.78	724.05	14.54
364	1.23	710.74	2.08	726.13	15.39
365	2.8	713.54	1.91	728.04	14.5
366	3.83	717.37	1.83	729.87	12.5
367	0.33	717.7	2.2	732.07	14.37
368	0.48	718.18	1.85	733.92	15.74
369	0.42	718.6	1.77	735.69	17.09
370	1.03	719.63	2.02	737.71	18.08
371	1.34	720.97	2.16	739.87	18.9
372	3.01	723.98	2.1	741.97	17.99
373	0.54	724.52	2.02	743.99	19.47
374	0.26	724.78	1.77	745.76	20.98
375	0.06	724.84	2.16	747.92	23.08
376	0.24	725.08	2.22	750.14	25.06
377	2.2	727.28	1.97	752.11	24.83
378	0.64	727.92	1.8	753.91	25.99
379	7.17	735.09	2.08	755.99	20.9
380	4.19	739.28	2.21	758.2	18.92
381	0.44	739.72	2.23	760.43	20.71
382	0.42	740.14	1.92	762.35	22.21
383	2.21	742.35	1.87	764.22	21.87
384	0.29	742.64	1.76	765.98	23.34
385	0.2	742.84	2.07	768.05	25.21
386	4.6	747.44	2.1	770.15	22.71
387	1.16	748.6	2.03	772.18	23.58
388	1.71	750.31	1.82	774.0	23.69
389	2.08	752.39	1.81	775.81	23.42
390	0.54	752.93	2.08	777.89	24.96
391	3.37	756.3	2.06	779.95	23.65
392	0.81	757.11	1.81	781.76	24.65
393	0.07	757.18	2.0	783.76	26.58
394	2.47	759.65	1.88	785.64	25.99
395	1.17	760.82	1.91	787.55	26.73
396	4.48	765.3	2.13	789.68	24.38
397	3.99	769.29	2.06	791.74	22.45
398	0.89	770.18	2.02	793.76	23.58
399	0.3	770.48	2.13	795.89	25.41
400	2.79	773.27	1.89	797.78	24.51
401	4.92	778.19	2.07	799.85	21.66
402	1.21	779.4	1.95	801.8	22.4
403	0.4	779.8	1.92	803.72	23.92
404	2.34	782.14	2.13	805.85	23.71
405	2.31	784.45	2.09	807.94	23.49
406	1.85	786.3	1.84	809.78	23.48
407	2.53	788.83	2.21	811.99	23.16
408	0.89	789.72	2.12	814.11	24.39
409	0.97	790.69	1.93	816.04	25.35
410	4.76	795.45	1.94	817.98	22.53
411	0.34	795.79	2.19	820.17	24.38
412	1.1	796.89	2.03	822.2	25.31
413	1.69	798.58	1.81	824.01	25.43
414	0.61	799.19	1.78	825.79	26.6
415	0.66	799.85	2.08	827.87	28.02
416	0.07	799.92	2.01	829.88	29.96
417	1.31	801.23	1.8	831.68	30.45
418	1.19	802.42	2.24	833.92	31.5
419	0.65	803.07	1.99	835.91	32.84
420	0.26	803.33	1.98	837.89	34.56
421	0.42	803.75	1.76	839.65	35.9
422	2.29	806.04	2.2	841.85	35.81
423	0.83	806.87	1.77	843.62	36.75
424	7.04	813.91	2.17	845.79	31.88
425	1.25	815.16	2.22	848.01	32.85
426	0.04	815.2	2.13	850.14	34.94
427	3.24	818.44	1.77	851.91	33.47
428	0.12	818.56	1.82	853.73	35.17
429	9.7	828.26	1.8	855.53	27.27
430	2.05	830.31	1.96	857.49	27.18
431	1.48	831.79	2.23	859.72	27.93
432	0.34	832.13	2.19	861.91	29.78
433	0.71	832.84	1.92	863.83	30.99
434	0.74	833.58	2.01	865.84	32.26
435	1.18	834.76	1.83	867.67	32.91
436	0.08	834.84	2.25	869.92	35.08
437	3.86	838.7	1.84	871.76	33.06
438	0.64	839.34	2.07	873.83	34.49
439	0.63	839.97	2.09	875.92	35.95
440	0.62	840.59	2.13	878.05	37.46
441	0.18	840.77	2.22	880.27	39.5
442	2.0	842.77	1.89	882.16	39.39
443	1.47	844.24	2.2	884.36	40.12
444	2.0	846.24	2.23	886.59	40.35
445	0.71	846.95	2.24	888.83	41.88
446	0.41	847.36	2.02	890.85	43.49
447	0.56	847.92	1.8	892.65	44.73
448	2.57	850.49	1.94	894.59	44.1
449	0.28	850.77	1.85	896.44	45.67
450	1.7	852.47	2.02	898.46	45.99
451	0.33	852.8	2.01	900.47	47.67
452	3.96	856.76	1.81	902.28	45.52
453	0.42	857.18	1.83	904.11	46.93
454	0.95	858.13	1.82	905.93	47.8
455	0.99	859.12	2.13	908.06	48.94
456	2.74	861.86	2.08	910.14	48.28
457	5.39	867.25	1.87	912.01	44.76
458	0.82	868.07	1.94	913.95	45.88
459	3.38	871.45	2.22	916.17	44.72
460	1.83	873.28	2.06	918.23	44.95
461	0.84	874.12	1.77	920.0	45.88
462	0.34	874.46	1.76	921.76	47.3
463	0.78	875.24	1.77	923.53	48.29
464	0.5	875.74	2.02	925.55	49.81
465	2.37	878.11	2.16	927.71	49.6
466	1.12	879.23	2.19	929.9	50.67
467	0.48	879.71	2.05	931.95	52.24
468	0.34	880.05	2.14	934.09	54.04
469	0.85	880.9	2.17	936.26	55.36
470	1.38	882.28	1.98	938.24	55.96
471	0.97	883.25	1.79	940.03	56.78
472	1.48	884.73	1.97	942.0	57.27
473	8.43	893.16	1.98	943.98	50.82
474	2.11	895.27	2.12	946.1	50.83
475	0.33	895.6	2.04	948.14	52.54
476	0.44	896.04	2.21	950.35	54.31
477	0.61	896.65	2.24	952.59	55.94
478	7.2	903.85	2.13	954.72	50.87
479	0.62	904.47	2.01	956.73	52.26
480	0.71	905.18	1.86	958.59	53.41
481	0.76	905.94	2.04	960.63	54.69
482	0.22	906.16	2.02	962.65	56.49
483	0.93	907.09	1.97	964.62	57.53
484	0.53	907.62	1.95	966.57	58.95
485	1.43	909.05	2.13	968.7	59.65
486	0.98	910.03	2.11	970.81	60.78
487	0.0	910.03	1.76	972.57	62.54
488	0.83	910.86	2.11	974.68	63.82
489	4.47	915.33	2.04	976.72	61.39
490	1.89	917.22	1.81	978.53	61.31
491	0.16	917.38	2.14	980.67	63.29
492	0.32	917.7	1.86	982.53	64.83
493	2.16	919.86	1.96	984.49	64.63
494	0.26	920.12	2.03	986.52	66.4
495	2.57	922.69	2.22	988.74	66.05
496	1.55	924.24	1.9	990.64	66.4
497	0.0	924.24	2.02	992.66	68.42
498	2.36	926.6	1.77	994.43	67.83
499	1.49	928.09	1.93	996.36	68.27
500	1.7	929.79	1.81	998.17	68.38
501	0.11	929.9	1.78	999.95	70.05
502	1.87	931.77	1.85	1001.8	70.03
503	5.94	937.71	1.98	1003.78	66.07
504	6.58	944.29	2.15	1005.93	61.64
505	0.16	944.45	2.1	1008.03	63.58
506	0.49	944.94	2.03	1010.06	65.12
507	1.09	946.03	2.05	1012.11	66.08
508	5.27	951.3	1.9	1014.01	62.71
509	2.95	954.25	2.03	1016.04	61.79
510	3.06	957.31	1.91	1017.95	60.64
511	0.03	957.34	2.16	1020.11	62.77
512	0.19	957.53	1.78	1021.89	64.36
513	1.79	959.32	1.83	1023.72	64.4
514	1.1	960.42	2.07	1025.79	65.37
515	1.23	961.65	1.93	1027.72	66.07
516	1.54	963.19	1.8	1029.52	66.33
517	3.93	967.12	1.86	1031.38	64.26
518	0.93	968.05	2.2	1033.58	65.53
519	3.92	971.97	1.94	1035.52	63.55
520	3.27	975.24	2.19	1037.71	62.47
521	0.88	976.12	1.94	1039.65	63.53
522	2.17	978.29	2.01	1041.66	63.37
523	6.97	985.26	1.91	1043.57	58.31
524	0.59	985.85	2.06	1045.63	59.78
525	2.82	988.67	1.95	1047.58	58.91
526	1.29	989.96	2.15	1049.73	59.77
527	2.62	992.58	1.76	1051.49	58.91
528	0.5	993.08	1.98	1053.47	60.39
529	2.47	995.55	1.87	1055.34	59.79
530	1.45	997.0	2.12	1057.46	60.46
531	1.51	998.51	2.06	1059.52	61.01
532	1.73	1000.24	1.82	1061.34	61.1
